1 0.181000 0.341333 0.226000 0.282667
1 0.048000 0.389333 0.092000 0.320000
1 0.125000 0.608000 0.234000 0.277333
1 0.088000 0.873333 0.172000 0.248000
1 0.269000 0.812000 0.182000 0.237333
1 0.199000 0.921333 0.118000 0.157333
1 0.362000 0.356000 0.156000 0.248000
1 0.312000 0.553333 0.172000 0.242667
1 0.065000 0.234667 0.126000 0.208000
1 0.224000 0.129333 0.216000 0.253333
1 0.063000 0.074667 0.122000 0.144000
1 0.471000 0.585333 0.122000 0.173333
1 0.533000 0.505333 0.090000 0.114667
1 0.443000 0.429333 0.094000 0.122667
1 0.471000 0.288000 0.098000 0.160000
1 0.489000 0.104000 0.154000 0.197333
1 0.402000 0.209333 0.092000 0.136000
1 0.622000 0.648000 0.092000 0.096000
1 0.539000 0.640000 0.090000 0.128000
1 0.501000 0.906667 0.122000 0.181333
1 0.414000 0.944000 0.096000 0.112000
1 0.333000 0.892000 0.146000 0.210667
1 0.754000 0.914667 0.184000 0.170667
1 0.707000 0.761333 0.058000 0.098667
1 0.608000 0.845333 0.084000 0.128000
1 0.630000 0.742667 0.072000 0.066667
1 0.786000 0.794667 0.088000 0.106667
3 0.437000 0.500000 0.870000 0.994667
