0 0.458824 0.500833 0.605882 0.998333
1 0.402451 0.269167 0.130392 0.198333
1 0.216667 0.380833 0.103922 0.185000
1 0.269608 0.419167 0.107843 0.141667
1 0.223529 0.543333 0.060784 0.173333
1 0.270588 0.550833 0.072549 0.151667
1 0.356373 0.563333 0.116667 0.173333
1 0.372059 0.716667 0.120588 0.160000
1 0.417647 0.837500 0.105882 0.175000
1 0.309804 0.855833 0.127451 0.195000
1 0.241667 0.830833 0.069608 0.138333
1 0.223529 0.686667 0.049020 0.160000
1 0.274020 0.693333 0.079412 0.166667
1 0.194608 0.763333 0.057843 0.130000
1 0.497059 0.624167 0.150980 0.208333
1 0.487745 0.914167 0.114706 0.171667
1 0.375980 0.947500 0.102941 0.105000
1 0.584314 0.762500 0.103922 0.151667
1 0.506863 0.787500 0.101961 0.128333
1 0.568137 0.878333 0.071569 0.126667
1 0.658333 0.603333 0.095098 0.156667
1 0.560784 0.531667 0.139216 0.230000
1 0.654902 0.696667 0.084314 0.123333
1 0.489216 0.388333 0.090196 0.150000
1 0.442647 0.426667 0.081373 0.150000
1 0.561275 0.310833 0.120588 0.188333
1 0.619118 0.264167 0.081373 0.131667
1 0.680392 0.280000 0.064706 0.136667
1 0.709804 0.374167 0.072549 0.118333
1 0.680882 0.502500 0.061765 0.095000
1 0.623039 0.485000 0.063725 0.126667
1 0.722549 0.478333 0.060784 0.110000
1 0.451471 0.079167 0.089216 0.128333
1 0.577941 0.129167 0.087255 0.118333
1 0.657353 0.077500 0.091176 0.128333
