1 0.670049 0.423041 0.214836 0.286381
1 0.803009 0.169776 0.179846 0.242537
1 0.799860 0.409515 0.149755 0.229478
1 0.234430 0.335821 0.176347 0.240672
1 0.129811 0.234142 0.165850 0.208955
1 0.075227 0.396922 0.149055 0.224813
1 0.080126 0.630131 0.158852 0.221082
1 0.242127 0.927705 0.170749 0.144590
1 0.552484 0.659981 0.212036 0.275187
1 0.724983 0.638060 0.159552 0.235075
1 0.646956 0.173507 0.189643 0.238806
1 0.495451 0.206157 0.167950 0.244403
1 0.404829 0.196362 0.102869 0.198694
1 0.333450 0.342817 0.095871 0.178172
1 0.277117 0.205224 0.146956 0.162313
1 0.328551 0.559701 0.118265 0.158582
1 0.307558 0.724813 0.147656 0.205224
1 0.431770 0.887127 0.155353 0.225746
1 0.620364 0.958489 0.114066 0.083022
1 0.629811 0.811567 0.135759 0.154851
1 0.545836 0.910914 0.097971 0.137127
2 0.424773 0.405784 0.068579 0.160448
0 0.519944 0.270056 0.103569 0.157649
0 0.415325 0.574160 0.076277 0.180037
0 0.413576 0.734608 0.100770 0.168843
3 0.453114 0.502799 0.904829 0.990672
