1 0.381655 0.330295 0.132523 0.222222
1 0.330729 0.475260 0.163773 0.197049
1 0.262008 0.697049 0.162905 0.170139
1 0.255642 0.809896 0.140336 0.230903
1 0.367911 0.820964 0.175637 0.229601
1 0.353588 0.937283 0.151620 0.125434
1 0.510417 0.893229 0.170139 0.213542
1 0.676939 0.865451 0.191262 0.259549
1 0.653067 0.569444 0.215278 0.313368
1 0.630787 0.348958 0.153935 0.183160
1 0.659433 0.228082 0.167245 0.204427
1 0.679543 0.065538 0.127025 0.129340
1 0.737992 0.232856 0.107350 0.224392
1 0.476852 0.153863 0.131366 0.161892
1 0.405237 0.218099 0.110822 0.095052
1 0.323061 0.204861 0.120081 0.136285
1 0.383102 0.084201 0.135417 0.125868
1 0.268663 0.283637 0.107350 0.180122
1 0.161169 0.271484 0.140625 0.187066
1 0.512587 0.463542 0.155961 0.207465
1 0.726852 0.389106 0.100116 0.136719
1 0.531684 0.281467 0.140336 0.156684
1 0.355613 0.584852 0.138310 0.100260
1 0.247541 0.503906 0.113137 0.203125
0 0.503038 0.184028 0.052373 0.097222
