2 0.378322 0.416974 0.208392 0.214022
1 0.422378 0.120849 0.100699 0.193727
1 0.412587 0.825646 0.114685 0.197417
1 0.309091 0.838561 0.114685 0.197417
1 0.227972 0.742620 0.114685 0.197417
1 0.104895 0.718635 0.114685 0.197417
1 0.095105 0.899446 0.114685 0.197417
1 0.528671 0.148524 0.137063 0.167897
1 0.559441 0.283210 0.137063 0.167897
1 0.813986 0.408672 0.137063 0.167897
1 0.434965 0.580258 0.137063 0.167897
1 0.325874 0.661439 0.137063 0.167897
1 0.229371 0.257380 0.137063 0.167897
1 0.233566 0.122694 0.137063 0.167897
1 0.125175 0.067343 0.141259 0.130996
