1 0.172000 0.240000 0.264000 0.160000
1 0.261333 0.359000 0.170667 0.150000
1 0.414667 0.378000 0.242667 0.208000
1 0.509333 0.246000 0.240000 0.180000
1 0.581333 0.151000 0.176000 0.138000
1 0.586667 0.393000 0.186667 0.122000
1 0.778667 0.371000 0.266667 0.142000
1 0.841333 0.538000 0.269333 0.200000
1 0.792000 0.676000 0.229333 0.176000
1 0.610667 0.624000 0.192000 0.180000
1 0.462667 0.736000 0.237333 0.168000
1 0.276000 0.791000 0.168000 0.174000
1 0.408000 0.910000 0.197333 0.172000
1 0.194667 0.627000 0.181333 0.190000
1 0.456000 0.546000 0.224000 0.180000
0 0.513333 0.538000 0.904000 0.912000
