3 0.488270 0.501000 0.653959 0.998000
3 0.095308 0.801000 0.184751 0.398000
0 0.461877 0.622000 0.079179 0.052000
0 0.524927 0.597000 0.035191 0.038000
0 0.466276 0.053000 0.035191 0.042000
0 0.451613 0.815000 0.175953 0.202000
1 0.296188 0.109000 0.152493 0.090000
1 0.312317 0.046000 0.131965 0.088000
1 0.397361 0.046000 0.114370 0.088000
1 0.554252 0.116000 0.134897 0.100000
1 0.658358 0.101000 0.137830 0.098000
1 0.587977 0.220000 0.173021 0.116000
1 0.451613 0.201000 0.123167 0.090000
1 0.343109 0.223000 0.129032 0.090000
1 0.425220 0.288000 0.152493 0.100000
1 0.300587 0.294000 0.149560 0.088000
1 0.263930 0.357000 0.129032 0.078000
1 0.312317 0.412000 0.126100 0.084000
1 0.391496 0.371000 0.114370 0.082000
1 0.498534 0.371000 0.146628 0.086000
1 0.552786 0.320000 0.114370 0.052000
1 0.637830 0.294000 0.137830 0.060000
1 0.700880 0.211000 0.164223 0.110000
1 0.731672 0.262000 0.108504 0.052000
1 0.689150 0.338000 0.129032 0.068000
1 0.722874 0.397000 0.149560 0.094000
1 0.535191 0.469000 0.161290 0.114000
1 0.423754 0.469000 0.149560 0.102000
1 0.460411 0.562000 0.117302 0.072000
1 0.563050 0.588000 0.123167 0.088000
1 0.662757 0.640000 0.134897 0.100000
1 0.711144 0.777000 0.131965 0.098000
1 0.753666 0.566000 0.140762 0.092000
1 0.684751 0.485000 0.161290 0.106000
1 0.769795 0.485000 0.096774 0.086000
1 0.074780 0.669000 0.073314 0.058000
1 0.131965 0.661000 0.076246 0.070000
1 0.177419 0.677000 0.038123 0.042000
1 0.114370 0.718000 0.087977 0.044000
1 0.038123 0.811000 0.070381 0.042000
1 0.073314 0.847000 0.093842 0.058000
1 0.030792 0.883000 0.055718 0.058000
1 0.096774 0.930000 0.076246 0.060000
1 0.024927 0.747000 0.043988 0.050000
1 0.036657 0.697000 0.067449 0.046000
1 0.042522 0.978000 0.079179 0.040000
1 0.368035 0.903000 0.108504 0.062000
1 0.517595 0.979000 0.090909 0.042000
1 0.552786 0.915000 0.073314 0.054000
1 0.605572 0.898000 0.073314 0.048000
1 0.368035 0.978000 0.085044 0.044000
1 0.379765 0.939000 0.108504 0.042000
