0 0.512695 0.557292 0.132812 0.135417
2 0.697754 0.118490 0.163086 0.223958
2 0.854980 0.225911 0.133789 0.191406
2 0.804199 0.475911 0.133789 0.191406
2 0.315918 0.796224 0.133789 0.191406
2 0.379395 0.442057 0.133789 0.191406
2 0.490723 0.758464 0.133789 0.191406
2 0.503418 0.904297 0.133789 0.191406
2 0.685547 0.375651 0.121094 0.180990
2 0.350586 0.599609 0.121094 0.180990
2 0.939453 0.507161 0.121094 0.180990
2 0.593750 0.791016 0.121094 0.180990
2 0.684570 0.791016 0.121094 0.180990
2 0.667969 0.613932 0.121094 0.180990
2 0.601562 0.158203 0.121094 0.180990
2 0.401855 0.051432 0.120117 0.100260
