0 0.189873 0.284038 0.160338 0.192488
0 0.299578 0.194836 0.160338 0.192488
0 0.535865 0.241784 0.160338 0.192488
0 0.607595 0.443662 0.160338 0.192488
0 0.282700 0.532864 0.160338 0.192488
0 0.210970 0.809859 0.160338 0.192488
0 0.088608 0.776995 0.160338 0.192488
0 0.320675 0.934272 0.160338 0.131455
0 0.569620 0.842723 0.160338 0.164319
0 0.687764 0.645540 0.168776 0.201878
0 0.337553 0.687793 0.168776 0.201878
0 0.742616 0.373239 0.168776 0.201878
0 0.881857 0.805164 0.168776 0.201878
0 0.871308 0.291080 0.181435 0.197183
0 0.723629 0.206573 0.156118 0.169014
